-9.99   -31.15047   0.1722732   
-9.89   -8.005967   0.5461044   
-9.79   -4.839808   0.7204168   
-9.69   -3.236911   0.8347427   
-9.59   -2.198535   0.9143875   
-9.49   -1.447653   0.9701115   
-9.39   -0.8705257   1.007836   
-9.29   -0.40991   1.031302   
-9.19   -0.03306207   1.043093   
-9.09   0.2804847   1.0451   
-8.99   0.5443883   1.038774   
-8.89   0.7682339   1.025266   
-8.79   0.9590226   1.00551   
-8.69   1.122037   0.9802863   
-8.59   1.261373   0.9502529   
-8.49   1.380278   0.9159751   
-8.39   1.481376   0.8779442   
-8.29   1.566827   0.8365908   
-8.19   1.63843   0.7922964   
-8.09   1.697706   0.7454009   
-7.99   1.745953   0.6962096   
-7.89   1.78429   0.6449977   
-7.79   1.813692   0.592015   
-7.69   1.835014   0.5374887   
-7.59   1.849009   0.4816266   
-7.49   1.856349   0.4246193   
-7.39   1.857633   0.366642   
-7.29   1.853399   0.3078562   
-7.19   1.844133   0.2484111   
-7.09   1.830275   0.188445   
-6.99   1.812225   0.1280859   
-6.89   1.79035   0.06745287   
-6.79   1.764985   0.006656549   
-6.69   1.736436   -0.05420005   
-6.59   1.704988   -0.115021   
-6.49   1.670902   -0.1757167   
-6.39   1.634419   -0.2362037   
-6.29   1.595765   -0.2964041   
-6.19   1.555148   -0.3562451   
-6.09   1.512761   -0.4156587   
-5.99   1.468785   -0.4745815   
-5.89   1.423389   -0.5329542   
-5.79   1.37673   -0.5907215   
-5.69   1.328955   -0.6478319   
-5.59   1.280203   -0.7042371   
-5.49   1.230603   -0.7598925   
-5.39   1.180276   -0.8147562   
-5.29   1.129336   -0.8687895   
-5.19   1.07789   -0.9219565   
-5.09   1.026038   -0.9742238   
-4.99   0.9738748   -1.025561   
-4.89   0.9214897   -1.075939   
-4.79   0.8689663   -1.125331   
-4.69   0.8163833   -1.173716   
-4.59   0.7638149   -1.221069   
-4.49   0.7113312   -1.267372   
-4.39   0.6589979   -1.312607   
-4.29   0.6068771   -1.356759   
-4.19   0.5550272   -1.399812   
-4.09   0.5035033   -1.441756   
-3.99   0.4523573   -1.48258   
-3.89   0.4016379   -1.522275   
-3.79   0.3513911   -1.560835   
-3.69   0.3016602   -1.598254   
-3.59   0.2524858   -1.634531   
-3.49   0.2039061   -1.669663   
-3.39   0.1559572   -1.703651   
-3.29   0.1086727   -1.736499   
-3.19   0.06208436   -1.76821   
-3.09   0.01622183   -1.798793   
-2.99   -0.02888706   -1.828257   
-2.89   -0.07321626   -1.856615   
-2.79   -0.1167414   -1.883882   
-2.69   -0.1594399   -1.910076   
-2.59   -0.2012904   -1.935221   
-2.49   -0.2422732   -1.959345   
-2.39   -0.2823701   -1.982479   
-2.29   -0.321564   -2.004663   
-2.19   -0.3598393   -2.025942   
-2.09   -0.3971815   -2.046373   
-1.99   -0.4335773   -2.066022   
-1.89   -0.4690147   -2.084968   
-1.79   -0.5034825   -2.103311   
-1.69   -0.5369711   -2.121169   
-1.59   -0.5694716   -2.13869   
-1.49   -0.6009765   -2.156062   
-1.39   -0.6314794   -2.17352   
-1.29   -0.6609753   -2.191368   
-1.19   -0.6894608   -2.210006   
-1.09   -0.716934   -2.229969   
-0.99   -0.7433957   -2.251989   
-0.89   -0.7688495   -2.277099   
-0.79   -0.7933035   -2.306805   
-0.69   -0.8167723   -2.343397   
-0.59   -0.8392808   -2.390542   
-0.49   -0.8608721   -2.454538   
-0.39   -0.8816231   -2.547265   
-0.29   -0.9016827   -2.694478   
-0.19   -0.9213848   -2.966303   
-0.09   -0.9417429   -3.668217   
