-1.998   -29.72876   0.3410534   
-1.978   -3.860953   0.919414   
-1.958   0.1639936   1.010383   
-1.938   2.037286   0.9482663   
-1.918   3.019939   0.8079884   
-1.898   3.510386   0.6257024   
-1.878   3.69333   0.4228786   
-1.858   3.672589   0.2135321   
-1.838   3.513557   0.007248098   
-1.818   3.260538   -0.1892871   
-1.798   2.945021   -0.3714084   
-1.778   2.59012   -0.5359219   
-1.758   2.213163   -0.6807369   
-1.738   1.827307   -0.8046071   
-1.718   1.442607   -0.9069405   
-1.698   1.066746   -0.9876565   
-1.678   0.7055597   -1.047075   
-1.658   0.3634261   -1.085831   
-1.638   0.04355333   -1.1048   
-1.618   -0.251793   -1.105046   
-1.598   -0.5211124   -1.087773   
-1.578   -0.7635285   -1.054288   
-1.558   -0.9786735   -1.005968   
-1.538   -1.166595   -0.9442332   
-1.518   -1.327677   -0.870527   
-1.498   -1.462577   -0.7862962   
-1.478   -1.572172   -0.6929766   
-1.458   -1.65751   -0.5919797   
-1.438   -1.719777   -0.4846828   
-1.418   -1.760256   -0.3724201   
-1.398   -1.780309   -0.2564762   
-1.378   -1.781346   -0.1380801   
-1.358   -1.764808   -0.01840125   
-1.338   -1.73215   0.1014541   
-1.318   -1.684826   0.2204449   
-1.298   -1.624275   0.3375972   
-1.278   -1.551915   0.4520051   
-1.258   -1.469131   0.5628308   
-1.238   -1.377269   0.6693047   
-1.218   -1.277629   0.7707251   
-1.198   -1.171463   0.8664566   
-1.178   -1.059968   0.9559293   
-1.158   -0.9442836   1.038637   
-1.138   -0.8254935   1.114136   
-1.118   -0.7046189   1.182043   
-1.098   -0.5826207   1.242031   
-1.078   -0.4603979   1.29383   
-1.058   -0.3387879   1.337223   
-1.038   -0.2185667   1.372045   
-1.018   -0.1004497   1.398179   
-0.998   0.01490743   1.415551   
-0.978   0.1269075   1.424135   
-0.958   0.2350106   1.423942   
-0.938   0.3387322   1.415022   
-0.918   0.4376418   1.397463   
-0.898   0.5313607   1.371381   
-0.878   0.6195604   1.336927   
-0.858   0.7019605   1.294277   
-0.838   0.7783265   1.243633   
-0.818   0.848468   1.185219   
-0.798   0.9122362   1.119281   
-0.778   0.969522   1.04608   
-0.758   1.020254   0.9658966   
-0.738   1.064395   0.87902   
-0.718   1.101942   0.7857527   
-0.698   1.132923   0.6864044   
-0.678   1.157395   0.5812913   
-0.658   1.175442   0.4707328   
-0.638   1.187173   0.3550494   
-0.618   1.192717   0.2345602   
-0.598   1.19223   0.1095805   
-0.578   1.185881   -0.01958143   
-0.558   1.17386   -0.1526266   
-0.538   1.156372   -0.2892688   
-0.518   1.133635   -0.4292382   
-0.498   1.105879   -0.5722848   
-0.478   1.073346   -0.7181834   
-0.458   1.036285   -0.8667383   
-0.438   0.9949544   -1.01779   
-0.418   0.9496167   -1.171223   
-0.398   0.9005404   -1.326973   
-0.378   0.8479963   -1.485043   
-0.358   0.7922574   -1.645514   
-0.338   0.7335967   -1.808569   
-0.318   0.6722861   -1.974514   
-0.298   0.608595   -2.143822   
-0.278   0.5427886   -2.317175   
-0.258   0.475126   -2.495541   
-0.238   0.4058582   -2.680275   
-0.218   0.3352255   -2.873276   
-0.198   0.2634543   -3.077227   
-0.178   0.1907522   -3.295983   
-0.158   0.1173013   -3.535225   
-0.138   0.04324757   -3.803619   
-0.118   -0.03131732   -4.115035   
-0.098   -0.1063889   -4.49316   
-0.078   -0.1821162   -4.982346   
-0.058   -0.2589562   -5.677804   
-0.038   -0.3381149   -6.835859   
-0.018   -0.423419   -9.558765   
