-4.995   -30.37697   0.278059   
-4.945   -5.667739   0.8086014   
-4.895   -1.905222   0.9713846   
-4.845   -0.01058937   1.015868   
-4.795   1.144545   0.9933515   
-4.745   1.895532   0.9277112   
-4.695   2.389728   0.8330508   
-4.645   2.706419   0.7187672   
-4.595   2.893972   0.5915794   
-4.545   2.984507   0.4565105   
-4.495   3.000688   0.3174272   
-4.445   2.959234   0.1773628   
-4.395   2.872902   0.03872559   
-4.345   2.751679   -0.09656006   
-4.295   2.603536   -0.2269537   
-4.245   2.434939   -0.3512256   
-4.195   2.251189   -0.4684009   
-4.145   2.056676   -0.5777169   
-4.095   1.855058   -0.678589   
-4.045   1.649396   -0.7705833   
-3.995   1.442261   -0.8533939   
-3.945   1.235811   -0.9268249   
-3.895   1.031862   -0.9907741   
-3.845   0.8319343   -1.04522   
-3.795   0.6372965   -1.090212   
-3.745   0.4490023   -1.125857   
-3.695   0.267918   -1.152314   
-3.645   0.09474766   -1.169788   
-3.595   -0.06994601   -1.17852   
-3.545   -0.2257239   -1.178781   
-3.495   -0.3722552   -1.170873   
-3.445   -0.5093036   -1.155117   
-3.395   -0.6367162   -1.131855   
-3.345   -0.7544129   -1.101443   
-3.295   -0.8623777   -1.064249   
-3.245   -0.9606504   -1.02065   
-3.195   -1.04932   -0.9710299   
-3.145   -1.128519   -0.9157783   
-3.095   -1.198416   -0.8552858   
-3.045   -1.259213   -0.7899446   
-2.995   -1.311138   -0.7201457   
-2.945   -1.354446   -0.6462783   
-2.895   -1.389408   -0.5687279   
-2.845   -1.416316   -0.4878758   
-2.795   -1.435474   -0.4040974   
-2.745   -1.447198   -0.3177621   
-2.695   -1.451812   -0.2292321   
-2.645   -1.44965   -0.1388616   
-2.595   -1.441048   -0.0469967   
-2.545   -1.426346   0.04602533   
-2.495   -1.405888   0.1398765   
-2.445   -1.380015   0.2342385   
-2.395   -1.34907   0.3288028   
-2.345   -1.313392   0.4232709   
-2.295   -1.273319   0.5173546   
-2.245   -1.229184   0.6107761   
-2.195   -1.181314   0.7032682   
-2.145   -1.130033   0.7945738   
-2.095   -1.075657   0.8844466   
-2.045   -1.018497   0.9726506   
-1.995   -0.9588565   1.05896   
-1.945   -0.8970305   1.143159   
-1.895   -0.8333071   1.225043   
-1.845   -0.767966   1.304416   
-1.795   -0.7012783   1.381092   
-1.745   -0.6335067   1.454894   
-1.695   -0.5649049   1.525654   
-1.645   -0.495718   1.593214   
-1.595   -0.4261817   1.657423   
-1.545   -0.3565228   1.718139   
-1.495   -0.2869591   1.775225   
-1.445   -0.2176991   1.828554   
-1.395   -0.1489424   1.878005   
-1.345   -0.08087955   1.923459   
-1.295   -0.0136922   1.964807   
-1.245   0.0524468   2.001941   
-1.195   0.1173733   2.034757   
-1.145   0.1809315   2.063152   
-1.095   0.2429741   2.087025   
-1.045   0.3033619   2.106274   
-0.995   0.3619635   2.120793   
-0.945   0.4186552   2.130472   
-0.895   0.4733205   2.135193   
-0.845   0.5258501   2.134824   
-0.795   0.5761412   2.129221   
-0.745   0.6240971   2.118214   
-0.695   0.669627   2.101605   
-0.645   0.712645   2.079154   
-0.595   0.7530697   2.050564   
-0.545   0.7908232   2.015462   
-0.495   0.8258298   1.973365   
-0.445   0.8580148   1.92363   
-0.395   0.8873022   1.86538   
-0.345   0.9136118   1.797369   
-0.295   0.9368545   1.717742   
-0.245   0.9569252   1.623575   
-0.195   0.9736892   1.509831   
-0.145   0.9869558   1.36668   
-0.095   0.9964127   1.17037   
-0.045   1.001401   0.8313915   
